1 1
2 1
3 1
4 1
5 1
6 1
7 1
8 1
9 1
10 1
10 2
10 3
10 4
11 4
12 4
13 4
14 4
15 4
15 5
15 6
15 7
15 8
15 9
15 10
15 11
15 12
14 12
13 12
13 13
13 14
13 13
12 13
11 13
11 14
11 15
11 16
11 17
10 17
10 18
10 19
10 20
10 21
9 21
9 22
9 23
9 24
8 24
8 25
8 26
7 26
6 26
5 26
4 26
3 26
2 26
3 26
4 26
5 26
6 26
6 27
6 28
6 29
6 30
6 31
6 32
6 33
6 34
6 35
7 35
8 35
9 35
10 35
11 35
12 35
13 35
14 35
15 35
16 35
17 35
17 36
17 37
18 37
19 37
20 37
21 37
21 36
21 35
22 35
23 35
23 34
23 35
23 36
24 36
25 36
26 36
27 36
28 36
29 36
30 36
30 37
31 37
32 37
33 37
34 37
35 37
36 37
36 36
37 36
37 37
37 38
38 38
38 39
38 40
38 41
37 41
37 42
37 43
37 42
37 41
38 41
39 41
40 41
41 41
41 42
41 43
41 44
40 44
39 44
40 44
41 44
41 43
41 42
41 41
40 41
39 41
38 41
37 41
37 42
37 43
37 42
37 41
38 41
39 41
40 41
41 41
41 42
42 42
43 42
44 42
44 43
45 43
46 43
46 44
46 43
45 43
45 42
45 41
46 41
47 41
47 40
48 40
48 39
47 39
47 38
46 38
46 37
46 36
46 35
47 35
48 35
48 34
49 34
48 34
48 35
47 35
46 35
46 36
46 37
46 38
47 38
47 39
48 39
48 40
47 40
47 41
46 41
45 41
45 42
45 43
46 43
46 44
46 43
45 43
44 43
44 42
43 42
42 42
41 42
41 41
40 41
39 41
38 41
37 41
37 42
37 43
37 42
37 41
38 41
38 40
38 39
38 38
37 38
37 37
37 36
36 36
36 37
35 37
34 37
33 37
32 37
31 37
30 37
30 36
29 36
28 36
27 36
26 36
25 36
24 36
23 36
23 35
23 34
23 35
22 35
21 35
21 36
21 37
20 37
19 37
18 37
17 37
17 36
17 35
16 35
15 35
14 35
13 35
12 35
11 35
10 35
9 35
8 35
7 35
6 35
6 34
6 33
6 32
6 31
6 30
6 29
6 28
6 27
6 26
5 26
4 26
3 26
2 26
3 26
4 26
5 26
6 26
7 26
8 26
8 25
8 24
9 24
9 23
9 22
9 21
10 21
10 20
10 19
10 18
10 17
11 17
11 16
11 15
11 14
11 13
12 13
13 13
13 14
13 13
13 12
14 12
15 12
15 11
15 10
15 9
15 8
15 7
15 6
16 6
17 6
18 6
19 6
20 6
21 6
22 6
23 6
24 6
25 6
26 6
26 7
26 8
26 9
26 10
26 11
26 12
26 13
25 13
24 13
23 13
23 14
23 15
23 16
23 17
24 17
25 17
24 17
23 17
23 16
23 15
23 14
23 13
24 13
25 13
26 13
26 12
26 11
26 10
26 9
26 8
26 7
26 6
25 6
24 6
23 6
22 6
21 6
20 6
19 6
18 6
17 6
16 6
15 6
15 7
15 8
15 9
15 10
15 11
15 12
14 12
13 12
13 13
13 14
13 13
12 13
11 13
10 13
10 12
10 11
9 11
8 11
8 10
8 11
9 11
10 11
10 12
10 13
11 13
12 13
13 13
13 14
13 13
13 12
14 12
15 12
15 11
15 10
15 9
15 8
15 7
15 6
16 6
17 6
18 6
19 6
20 6
21 6
22 6
23 6
24 6
25 6
26 6
27 6
28 6
29 6
30 6
31 6
32 6
33 6
34 6
35 6
36 6
36 7
36 8
36 9
36 10
36 11
36 12
36 13
36 14
36 15
36 16
36 17
36 18
36 19
36 20
36 21
36 22
36 23
36 24
36 25
36 26
37 26
38 26
38 25
39 25
40 25
41 25
41 26
42 26
43 26
44 26
45 26
44 26
43 26
42 26
42 25
42 24
42 23
42 22
42 21
42 22
42 23
42 24
42 25
42 26
43 26
44 26
45 26
46 26
46 27
46 28
46 29
46 30
47 30
48 30
49 30
48 30
47 30
46 30
46 29
46 28
46 27
46 26
45 26
44 26
43 26
42 26
41 26
41 25
40 25
39 25
38 25
38 26
37 26
36 26
36 25
36 24
36 23
36 22
36 21
36 20
36 19
36 18
36 17
36 16
36 15
37 15
38 15
39 15
40 15
40 16
40 17
40 16
40 15
39 15
38 15
37 15
36 15
36 16
36 17
36 16
36 15
36 14
36 13
36 12
36 11
36 10
36 9
36 8
36 7
36 6
35 6
34 6
33 6
32 6
31 6
30 6
29 6
28 6
27 6
26 6
25 6
24 6
23 6
22 6
21 6
20 6
19 6
18 6
17 6
16 6
15 6
15 7
14 7
13 7
12 7
11 7
10 7
10 8
9 8
10 8
10 7
11 7
12 7
13 7
14 7
15 7
15 6
15 7
15 8
15 9
15 10
15 11
15 12
14 12
13 12
13 13
13 14
14 14
15 14
16 14
16 15
16 16
16 17
16 18
16 19
16 18
16 17
16 16
16 15
16 14
15 14
14 14
13 14
13 13
13 12
14 12
15 12
15 11
15 10
15 9
15 8
15 7
15 6
16 6
17 6
18 6
19 6
20 6
21 6
22 6
23 6
24 6
25 6
26 6
25 6
24 6
23 6
23 5
23 4
23 3
23 2
23 3
23 4
23 5
23 6
24 6
25 6
26 6
27 6
28 6
29 6
29 5
29 4
29 3
29 2
29 3
29 4
29 5
29 6
28 6
27 6
26 6
25 6
24 6
23 6
22 6
21 6
20 6
19 6
18 6
17 6
16 6
15 6
15 7
15 8
15 9
15 10
15 11
15 12
14 12
13 12
13 13
13 14
13 13
12 13
11 13
11 14
11 15
11 16
11 17
10 17
10 18
10 19
10 20
10 21
9 21
9 22
9 23
9 24
8 24
8 25
8 26
7 26
6 26
5 26
4 26
3 26
2 26
3 26
4 26
5 26
6 26
6 27
6 28
6 29
6 30
6 31
6 32
6 33
6 34
6 35
7 35
8 35
9 35
10 35
11 35
12 35
13 35
14 35
15 35
16 35
17 35
17 36
17 37
18 37
19 37
20 37
21 37
21 36
21 35
22 35
23 35
23 34
24 34
25 34
26 34
27 34
28 34
28 33
28 32
28 33
28 34
27 34
26 34
25 34
24 34
23 34
23 35
22 35
21 35
21 36
21 37
20 37
19 37
18 37
17 37
17 36
17 35
16 35
16 36
16 37
16 38
16 39
16 40
16 41
17 41
16 41
16 40
16 39
16 38
16 37
16 36
16 35
15 35
14 35
13 35
12 35
11 35
10 35
9 35
8 35
7 35
6 35
6 34
6 33
6 32
6 31
6 30
6 29
6 28
6 27
6 26
5 26
4 26
3 26
2 26
3 26
4 26
5 26
6 26
7 26
8 26
8 25
8 24
9 24
9 23
9 22
9 21
10 21
10 20
10 19
10 18
10 17
11 17
11 16
11 15
11 14
11 13
12 13
13 13
13 14
13 13
13 12
14 12
15 12
15 11
15 10
15 9
15 8
15 7
15 6
15 5
15 4
14 4
13 4
12 4
11 4
10 4
10 3
10 2
10 1
9 1
8 1
7 1
6 1
7 1
8 1
9 1
10 1
11 1
12 1
13 1
12 1
11 1
10 1
9 1
8 1
7 1
6 1
7 1
8 1
9 1
10 1
10 2
10 3
10 4
11 4
12 4
13 4
14 4
15 4
15 5
15 6
16 6
17 6
18 6
19 6
20 6
21 6
22 6
23 6
24 6
25 6
26 6
27 6
28 6
29 6
30 6
31 6
32 6
33 6
34 6
35 6
36 6
36 7
36 8
36 9
36 10
36 11
36 12
36 13
36 14
36 15
36 16
36 17
36 18
36 19
36 20
36 21
36 22
36 23
36 24
36 25
36 26
37 26
38 26
38 25
39 25
40 25
41 25
41 26
42 26
43 26
44 26
45 26
46 26
46 25
46 24
46 23
46 22
46 21
46 20
46 19
46 18
46 17
46 16
47 16
47 15
47 14
47 13
47 12
47 11
47 10
47 9
47 8
47 7
47 6
47 5
47 4
47 3
47 2
47 1
47 2
47 3
47 4
47 5
47 6
47 7
47 8
47 9
47 10
47 11
47 12
47 13
47 14
47 15
47 16
46 16
46 17
46 18
46 19
46 20
46 21
46 22
46 23
46 24
46 25
46 26
45 26
44 26
43 26
42 26
41 26
41 25
40 25
39 25
38 25
38 26
37 26
36 26
36 25
36 24
36 23
36 22
36 21
36 20
36 19
36 18
36 17
36 16
36 15
36 14
36 13
36 12
36 11
36 10
36 9
36 8
36 7
36 6
35 6
34 6
33 6
32 6
31 6
30 6
29 6
28 6
27 6
26 6
25 6
24 6
23 6
22 6
21 6
20 6
19 6
18 6
17 6
16 6
15 6
15 7
15 8
15 9
15 10
15 11
15 12
14 12
13 12
13 13
13 14
13 13
12 13
11 13
11 14
11 15
11 16
11 17
10 17
10 18
10 19
10 20
10 21
9 21
9 22
9 23
9 24
8 24
8 25
8 26
7 26
6 26
5 26
4 26
3 26
2 26
3 26
4 26
5 26
6 26
6 27
6 28
6 29
6 30
6 31
6 32
6 33
6 34
6 35
7 35
8 35
9 35
10 35
11 35
12 35
13 35
14 35
15 35
16 35
17 35
17 36
17 37
18 37
19 37
20 37
21 37
21 36
21 35
22 35
23 35
23 34
23 35
23 36
24 36
25 36
26 36
26 37
26 38
26 39
26 40
26 41
26 42
26 43
26 44
26 45
27 45
27 46
27 45
26 45
25 45
25 44
25 43
24 43
25 43
25 44
25 45
26 45
27 45
27 46
27 45
26 45
26 44
26 43
26 42
26 41
26 40
26 39
26 38
26 37
26 36
25 36
24 36
23 36
23 35
23 34
23 35
22 35
21 35
21 36
21 37
20 37
19 37
18 37
17 37
17 36
17 35
16 35
15 35
14 35
13 35
12 35
11 35
10 35
9 35
8 35
7 35
6 35
6 36
6 37
6 38
6 39
6 40
6 41
6 42
6 43
6 44
6 45
6 46
6 47
7 47
8 47
9 47
10 47
11 47
12 47
13 47
13 46
14 46
15 46
16 46
17 46
18 46
19 46
18 46
17 46
16 46
15 46
14 46
13 46
13 47
12 47
11 47
10 47
9 47
8 47
7 47
6 47
6 48
6 49
5 49
4 49
3 49
2 49
3 49
4 49
5 49
6 49
6 48
6 47
6 46
6 45
6 44
6 43
6 42
6 41
6 40
6 39
6 38
6 37
6 36
6 35
6 36
6 37
6 38
6 39
6 40
6 39
6 38
6 37
6 36
6 35
7 35
8 35
9 35
10 35
11 35
12 35
13 35
14 35
15 35
16 35
17 35
17 36
17 37
18 37
19 37
20 37
21 37
21 36
21 35
22 35
23 35
23 34
23 35
23 36
24 36
25 36
26 36
27 36
28 36
29 36
30 36
30 37
31 37
32 37
33 37
34 37
35 37
36 37
36 36
37 36
37 37
37 38
37 39
37 38
37 37
37 36
36 36
36 37
35 37
34 37
33 37
32 37
31 37
30 37
30 36
29 36
28 36
27 36
26 36
25 36
24 36
23 36
23 35
23 34
23 35
22 35
21 35
21 36
21 37
20 37
19 37
18 37
17 37
17 36
17 35
16 35
15 35
14 35
13 35
12 35
11 35
10 35
9 35
8 35
7 35
6 35
6 34
6 33
6 32
6 31
6 30
6 29
6 28
6 27
6 26
5 26
4 26
3 26
2 26
3 26
4 26
5 26
6 26
7 26
8 26
8 25
8 24
9 24
9 23
9 22
9 21
10 21
10 20
10 19
10 18
10 17
11 17
11 16
11 15
11 14
11 13
12 13
13 13
13 14
13 13
13 12
14 12
15 12
15 11
15 10
15 9
15 8
15 7
15 6
16 6
17 6
18 6
19 6
20 6
21 6
22 6
23 6
24 6
25 6
26 6
25 6
25 5
25 4
25 3
25 4
25 5
25 6
26 6
25 6
24 6
23 6
22 6
21 6
20 6
19 6
18 6
17 6
16 6
15 6
15 7
15 8
15 9
15 10
15 11
15 12
14 12
13 12
13 13
13 14
13 13
12 13
11 13
11 14
11 15
11 16
11 17
10 17
10 18
10 19
10 20
10 21
9 21
9 22
9 23
9 24
8 24
8 25
8 26
7 26
6 26
5 26
4 26
3 26
2 26
3 26
4 26
5 26
6 26
6 27
6 28
6 29
6 30
6 31
6 32
6 33
6 34
6 35
7 35
8 35
9 35
10 35
11 35
12 35
13 35
14 35
15 35
16 35
17 35
17 34
18 34
18 33
18 32
19 32
19 31
19 30
19 29
19 28
19 27
19 26
19 27
19 28
19 29
18 29
19 29
19 28
19 27
19 26
20 26
20 27
21 27
22 27
21 27
20 27
20 26
19 26
19 27
19 28
19 29
19 30
19 31
19 32
18 32
18 33
18 34
17 34
17 35
16 35
17 35
17 36
17 37
18 37
19 37
20 37
21 37
21 36
21 35
22 35
23 35
23 34
23 35
23 36
24 36
25 36
26 36
27 36
28 36
29 36
30 36
30 37
31 37
32 37
33 37
34 37
35 37
36 37
36 36
37 36
37 37
37 38
38 38
38 39
38 40
38 41
37 41
37 42
37 43
37 42
37 41
38 41
39 41
40 41
41 41
41 42
42 42
43 42
44 42
44 43
45 43
46 43
46 44
47 44
47 45
47 46
