1 1
2 1
3 1
4 1
5 1
6 1
7 1
8 1
9 1
10 1
10 2
10 3
10 4
11 4
12 4
13 4
14 4
15 4
15 5
15 6
15 7
14 7
13 7
12 7
11 7
10 7
10 8
9 8
10 8
10 7
11 7
12 7
13 7
14 7
15 7
15 6
15 7
15 8
15 9
15 10
15 11
15 12
14 12
13 12
13 13
13 14
13 13
12 13
13 13
13 14
13 13
12 13
11 13
12 13
13 13
13 14
14 14
15 14
16 14
16 15
16 16
16 17
16 18
16 19
16 18
16 17
16 16
16 15
16 14
15 14
14 14
13 14
13 13
12 13
11 13
10 13
11 13
12 13
13 13
13 14
13 13
12 13
11 13
10 13
10 12
10 11
9 11
8 11
8 10
8 11
9 11
10 11
10 12
10 13
11 13
12 13
13 13
13 14
13 13
12 13
11 13
11 14
11 15
11 16
11 17
10 17
10 18
10 19
10 20
10 21
9 21
9 22
9 23
9 24
8 24
8 25
8 26
7 26
6 26
5 26
4 26
3 26
2 26
3 26
4 26
5 26
6 26
6 27
6 28
6 29
6 30
6 31
6 32
6 33
6 34
6 35
6 36
6 37
6 38
6 39
6 40
6 39
6 38
6 37
6 36
6 35
7 35
8 35
9 35
10 35
11 35
12 35
13 35
14 35
15 35
16 35
16 36
16 37
16 38
16 39
16 40
16 41
17 41
16 41
16 40
16 39
16 38
16 37
16 36
16 35
17 35
17 34
18 34
18 33
18 32
19 32
19 31
19 30
19 29
19 28
19 27
19 26
20 26
20 27
21 27
22 27
21 27
20 27
20 26
19 26
19 27
19 28
19 29
18 29
19 29
19 28
19 27
19 26
19 27
19 28
19 29
19 30
19 31
19 32
18 32
18 33
18 34
17 34
17 35
16 35
17 35
17 36
17 37
18 37
19 37
20 37
21 37
21 36
21 35
22 35
23 35
23 34
24 34
25 34
26 34
27 34
28 34
28 33
28 32
28 33
28 34
27 34
26 34
25 34
24 34
23 34
23 35
23 36
24 36
25 36
26 36
26 37
26 38
26 39
26 40
26 41
26 42
26 43
26 44
26 45
27 45
27 46
27 45
26 45
25 45
25 44
25 43
24 43
25 43
25 44
25 45
26 45
27 45
27 46
27 45
26 45
26 44
26 43
26 42
26 41
26 40
26 39
26 38
26 37
26 36
25 36
26 36
27 36
28 36
29 36
30 36
30 37
31 37
32 37
33 37
34 37
35 37
36 37
36 36
37 36
37 37
37 38
37 39
37 38
37 37
37 36
36 36
37 36
37 37
37 38
38 38
38 39
38 40
38 41
37 41
37 42
37 43
37 42
37 41
38 41
39 41
40 41
41 41
41 42
41 43
41 44
40 44
39 44
40 44
41 44
41 43
41 42
41 41
40 41
39 41
38 41
37 41
37 42
37 43
37 42
37 41
38 41
39 41
40 41
41 41
41 42
42 42
43 42
44 42
44 43
45 43
46 43
46 44
47 44
47 45
47 46
47 45
47 44
46 44
46 43
45 43
45 42
45 41
46 41
47 41
47 40
48 40
48 39
47 39
47 38
46 38
46 37
46 36
46 35
47 35
48 35
48 34
49 34
48 34
48 35
47 35
46 35
46 36
46 37
46 38
47 38
47 39
48 39
48 40
47 40
47 41
46 41
45 41
45 42
45 43
46 43
46 44
47 44
48 44
48 45
49 45
50 45
51 45
52 45
52 46
52 47
53 47
54 47
55 47
56 47
56 48
56 49
55 49
54 49
53 49
52 49
53 49
54 49
55 49
56 49
56 48
56 47
57 47
58 47
59 47
60 47
61 47
62 47
63 47
63 46
64 46
65 46
66 46
67 46
68 46
69 46
68 46
67 46
66 46
65 46
64 46
63 46
63 47
63 48
63 49
63 50
63 51
63 50
63 49
63 48
63 47
63 46
63 47
63 48
63 49
63 50
63 51
63 52
63 53
63 54
64 54
65 54
65 55
65 56
65 57
64 57
63 57
62 57
61 57
60 57
60 58
59 58
60 58
60 57
61 57
62 57
63 57
64 57
65 57
65 56
65 57
65 58
65 59
65 60
65 61
65 62
64 62
63 62
63 63
63 64
63 63
62 63
61 63
60 63
60 62
60 61
59 61
58 61
58 60
58 61
59 61
60 61
60 62
60 63
61 63
62 63
63 63
63 64
64 64
65 64
66 64
66 65
66 66
66 67
66 68
66 69
66 68
66 67
66 66
66 65
66 64
65 64
64 64
63 64
63 63
63 62
64 62
65 62
65 61
65 60
65 59
65 58
65 57
65 56
66 56
67 56
68 56
69 56
70 56
71 56
72 56
73 56
74 56
75 56
76 56
75 56
75 55
75 54
75 53
75 54
75 55
75 56
76 56
77 56
78 56
79 56
79 55
79 54
79 53
79 52
79 53
79 54
79 55
79 56
78 56
77 56
76 56
75 56
74 56
73 56
73 55
73 54
73 53
73 52
73 53
73 54
73 55
73 56
74 56
75 56
76 56
76 57
76 58
76 59
76 60
76 61
76 62
76 63
75 63
74 63
73 63
73 64
73 65
73 66
73 67
74 67
75 67
74 67
73 67
73 66
73 65
73 64
73 63
74 63
75 63
76 63
76 62
76 61
76 60
76 59
76 58
76 57
76 56
77 56
78 56
79 56
80 56
81 56
82 56
83 56
84 56
85 56
86 56
86 57
86 58
86 59
86 60
86 61
86 62
86 63
86 64
86 65
86 66
86 67
86 66
86 65
87 65
88 65
89 65
90 65
90 66
90 67
90 66
90 65
89 65
88 65
87 65
86 65
86 66
86 67
86 68
86 69
86 70
86 71
86 72
86 73
86 74
86 75
86 76
87 76
88 76
88 75
89 75
90 75
91 75
91 76
92 76
93 76
94 76
95 76
96 76
96 77
96 78
96 79
96 80
97 80
98 80
99 80
98 80
97 80
96 80
96 79
96 78
96 77
96 76
95 76
94 76
93 76
92 76
92 75
92 74
92 73
92 72
92 71
92 72
92 73
92 74
92 75
92 76
93 76
94 76
95 76
96 76
96 75
96 74
96 73
96 72
96 71
96 70
96 69
96 68
96 67
96 66
97 66
97 65
97 64
97 63
97 62
97 61
97 60
97 59
97 58
97 57
97 56
97 55
97 54
97 53
97 52
97 51
97 52
97 53
97 54
97 55
97 56
97 57
97 58
97 59
97 60
97 61
97 62
97 63
97 64
97 65
97 66
96 66
96 67
96 68
96 69
96 70
96 71
96 72
96 73
96 74
96 75
96 76
95 76
94 76
93 76
92 76
91 76
91 75
90 75
89 75
88 75
88 76
87 76
86 76
86 75
86 74
86 73
86 72
86 71
86 70
86 69
86 68
86 67
86 66
86 65
86 64
86 63
86 62
86 61
86 60
86 59
86 58
86 57
86 56
85 56
84 56
83 56
82 56
81 56
80 56
79 56
78 56
77 56
76 56
75 56
74 56
73 56
72 56
71 56
70 56
69 56
68 56
67 56
66 56
65 56
65 55
65 54
64 54
63 54
63 53
63 52
63 51
63 50
63 49
63 48
63 47
63 46
63 47
62 47
61 47
60 47
59 47
58 47
57 47
56 47
56 46
56 45
56 44
56 43
56 42
56 41
56 40
56 39
56 38
56 37
56 36
56 35
56 36
56 37
56 38
56 39
56 40
56 39
56 38
56 37
56 36
56 35
57 35
58 35
59 35
60 35
61 35
62 35
63 35
64 35
65 35
66 35
66 36
66 37
66 38
66 39
66 40
66 41
67 41
66 41
66 40
66 39
66 38
66 37
66 36
66 35
67 35
67 34
68 34
68 33
68 32
69 32
69 31
69 30
69 29
69 28
69 27
69 26
70 26
70 27
71 27
72 27
71 27
70 27
70 26
69 26
69 27
69 28
69 29
68 29
69 29
69 28
69 27
69 26
69 27
69 28
69 29
69 30
69 31
69 32
68 32
68 33
68 34
67 34
67 35
66 35
67 35
67 36
67 37
68 37
69 37
70 37
71 37
71 36
71 35
72 35
73 35
73 34
74 34
75 34
76 34
77 34
78 34
78 33
78 32
78 33
78 34
77 34
76 34
75 34
74 34
73 34
73 35
73 36
74 36
75 36
76 36
76 37
76 38
76 39
76 40
76 41
76 42
76 43
76 44
76 45
77 45
77 46
77 45
76 45
75 45
75 44
75 43
74 43
75 43
75 44
75 45
76 45
77 45
77 46
77 45
76 45
76 44
76 43
76 42
76 41
76 40
76 39
76 38
76 37
76 36
75 36
76 36
77 36
78 36
79 36
80 36
80 37
81 37
82 37
83 37
84 37
85 37
86 37
86 36
87 36
87 37
87 38
87 39
87 38
87 37
87 36
86 36
87 36
87 37
87 38
88 38
88 39
88 40
88 41
87 41
87 42
87 43
87 42
87 41
88 41
89 41
90 41
91 41
91 42
91 43
91 44
90 44
89 44
90 44
91 44
91 43
91 42
91 41
90 41
89 41
88 41
87 41
87 42
87 43
87 42
87 41
88 41
89 41
90 41
91 41
91 42
92 42
93 42
94 42
94 43
95 43
96 43
96 44
97 44
97 45
97 46
97 45
97 44
96 44
96 43
95 43
95 42
95 41
96 41
97 41
97 40
98 40
98 39
97 39
97 38
96 38
96 37
96 36
96 35
97 35
98 35
98 34
99 34
98 34
98 35
97 35
96 35
96 36
96 37
96 38
97 38
97 39
98 39
98 40
97 40
97 41
96 41
95 41
95 42
95 43
96 43
96 44
96 43
95 43
94 43
94 42
93 42
92 42
91 42
91 41
90 41
89 41
88 41
87 41
87 42
87 43
87 42
87 41
88 41
88 40
88 39
88 38
87 38
87 37
87 36
86 36
86 37
85 37
84 37
83 37
82 37
81 37
80 37
80 36
79 36
78 36
77 36
76 36
75 36
74 36
73 36
73 35
73 34
73 35
72 35
71 35
71 36
71 37
70 37
69 37
68 37
67 37
67 36
67 35
66 35
65 35
64 35
63 35
62 35
61 35
60 35
59 35
58 35
57 35
56 35
56 36
56 37
56 38
56 39
56 40
56 41
56 42
56 43
56 44
56 45
56 46
56 47
55 47
54 47
53 47
52 47
52 46
52 45
51 45
50 45
49 45
48 45
48 44
47 44
46 44
46 43
45 43
44 43
44 42
43 42
42 42
41 42
41 41
40 41
39 41
38 41
37 41
37 42
37 43
37 42
37 41
38 41
38 40
38 39
38 38
37 38
37 37
37 36
36 36
36 37
35 37
34 37
33 37
32 37
31 37
30 37
30 36
29 36
28 36
27 36
26 36
25 36
24 36
23 36
23 35
23 34
23 35
22 35
21 35
21 36
21 37
20 37
19 37
18 37
17 37
17 36
17 35
16 35
15 35
14 35
13 35
12 35
11 35
10 35
9 35
8 35
7 35
6 35
6 36
6 37
6 38
6 39
6 40
6 41
6 42
6 43
6 44
6 45
6 46
6 47
6 48
6 49
5 49
4 49
3 49
2 49
3 49
4 49
5 49
6 49
6 48
6 47
7 47
8 47
9 47
10 47
11 47
12 47
13 47
13 46
13 47
13 48
13 49
13 50
13 51
13 50
13 49
13 48
13 47
13 46
14 46
15 46
16 46
17 46
18 46
19 46
18 46
17 46
16 46
15 46
14 46
13 46
13 47
13 48
13 49
13 50
13 51
13 52
13 53
13 54
14 54
15 54
15 55
15 56
15 57
14 57
13 57
12 57
11 57
10 57
10 58
9 58
10 58
10 57
11 57
12 57
13 57
14 57
15 57
15 56
15 57
15 58
15 59
15 60
15 61
15 62
14 62
13 62
13 63
13 64
14 64
15 64
16 64
16 65
16 66
16 67
16 68
16 69
16 68
16 67
16 66
16 65
16 64
15 64
14 64
13 64
13 63
12 63
11 63
10 63
10 62
10 61
9 61
8 61
8 60
8 61
9 61
10 61
10 62
10 63
11 63
12 63
13 63
13 64
13 63
12 63
11 63
11 64
11 65
11 66
11 67
10 67
10 68
10 69
10 70
10 71
9 71
9 72
9 73
9 74
8 74
8 75
8 76
7 76
6 76
5 76
4 76
3 76
2 76
3 76
4 76
5 76
6 76
6 77
6 78
6 79
6 80
6 81
6 82
6 83
6 84
6 85
6 86
6 87
6 88
6 89
6 90
6 89
6 88
6 87
6 86
6 85
7 85
8 85
9 85
10 85
11 85
12 85
13 85
14 85
15 85
16 85
16 86
16 87
16 88
16 89
16 90
16 91
17 91
16 91
16 90
16 89
16 88
16 87
16 86
16 85
17 85
17 84
18 84
18 83
18 82
19 82
19 81
19 80
19 79
19 78
19 77
19 76
19 77
19 78
19 79
18 79
19 79
19 78
19 77
19 76
20 76
20 77
21 77
22 77
21 77
20 77
20 76
19 76
19 77
19 78
19 79
19 80
19 81
19 82
18 82
18 83
18 84
17 84
17 85
16 85
17 85
17 86
17 87
18 87
19 87
20 87
21 87
21 86
21 85
22 85
23 85
23 84
24 84
25 84
26 84
27 84
28 84
28 83
28 82
28 83
28 84
27 84
26 84
25 84
24 84
23 84
23 85
23 86
24 86
25 86
26 86
26 87
26 88
26 89
26 90
26 91
26 92
26 93
26 94
26 95
27 95
27 96
27 95
26 95
25 95
25 94
25 93
24 93
25 93
25 94
25 95
26 95
27 95
27 96
27 95
26 95
26 94
26 93
26 92
26 91
26 90
26 89
26 88
26 87
26 86
25 86
26 86
27 86
28 86
29 86
30 86
30 87
31 87
32 87
33 87
34 87
35 87
36 87
36 86
37 86
37 87
37 88
37 89
37 88
37 87
37 86
36 86
37 86
37 87
37 88
38 88
38 89
38 90
38 91
37 91
37 92
37 93
37 92
37 91
38 91
39 91
40 91
41 91
41 92
41 93
41 94
40 94
39 94
40 94
41 94
41 93
41 92
41 91
40 91
39 91
38 91
37 91
37 92
37 93
37 92
37 91
38 91
39 91
40 91
41 91
41 92
42 92
43 92
44 92
44 93
45 93
46 93
46 94
47 94
47 95
47 96
47 95
47 94
46 94
46 93
45 93
45 92
45 91
46 91
47 91
47 90
48 90
48 89
47 89
47 88
46 88
46 87
46 86
46 85
47 85
48 85
48 84
49 84
48 84
48 85
47 85
46 85
46 86
46 87
46 88
47 88
47 89
48 89
48 90
47 90
47 91
46 91
45 91
45 92
45 93
46 93
46 94
47 94
48 94
48 95
49 95
50 95
51 95
52 95
52 96
52 97
53 97
54 97
55 97
56 97
56 98
56 99
55 99
54 99
53 99
52 99
53 99
54 99
55 99
56 99
56 98
56 97
57 97
58 97
59 97
60 97
61 97
62 97
63 97
63 96
64 96
65 96
66 96
67 96
68 96
69 96
68 96
67 96
66 96
65 96
64 96
63 96
63 97
62 97
61 97
60 97
59 97
58 97
57 97
56 97
56 96
56 95
56 94
56 93
56 92
56 91
56 90
56 89
56 88
56 87
56 86
56 85
56 86
56 87
56 88
56 89
56 90
56 89
56 88
56 87
56 86
56 85
57 85
58 85
59 85
60 85
61 85
62 85
63 85
64 85
65 85
66 85
66 86
66 87
66 88
66 89
66 90
66 91
67 91
66 91
66 90
66 89
66 88
66 87
66 86
66 85
67 85
67 84
68 84
68 83
68 82
69 82
69 81
69 80
69 79
69 78
69 77
69 76
69 77
69 78
69 79
68 79
69 79
69 78
69 77
69 76
70 76
70 77
71 77
72 77
71 77
70 77
70 76
69 76
69 77
69 78
69 79
69 80
69 81
69 82
68 82
68 83
68 84
67 84
67 85
66 85
67 85
67 86
67 87
68 87
69 87
70 87
71 87
71 86
71 85
72 85
73 85
73 84
74 84
75 84
76 84
77 84
78 84
78 83
78 82
78 83
78 84
77 84
76 84
75 84
74 84
73 84
73 85
73 86
74 86
75 86
76 86
76 87
76 88
76 89
76 90
76 91
76 92
76 93
76 94
76 95
77 95
77 96
77 95
76 95
75 95
75 94
75 93
74 93
75 93
75 94
75 95
76 95
77 95
77 96
77 95
76 95
76 94
76 93
76 92
76 91
76 90
76 89
76 88
76 87
76 86
75 86
76 86
77 86
78 86
79 86
80 86
80 87
81 87
82 87
83 87
84 87
85 87
86 87
86 86
87 86
87 87
87 88
87 89
87 88
87 87
87 86
86 86
87 86
87 87
87 88
88 88
88 89
88 90
88 91
87 91
87 92
87 93
87 92
87 91
88 91
89 91
90 91
91 91
91 92
91 93
91 94
90 94
89 94
90 94
91 94
91 93
91 92
91 91
90 91
89 91
88 91
87 91
87 92
87 93
87 92
87 91
88 91
89 91
90 91
91 91
91 92
92 92
93 92
94 92
94 93
95 93
96 93
96 94
97 94
97 95
97 96
97 95
97 94
96 94
96 93
95 93
95 92
95 91
96 91
97 91
97 90
98 90
98 89
97 89
97 88
96 88
96 87
96 86
96 85
97 85
98 85
98 84
99 84
98 84
98 85
97 85
96 85
96 86
96 87
96 88
97 88
97 89
98 89
98 90
97 90
97 91
96 91
95 91
95 92
95 93
96 93
96 94
96 93
95 93
94 93
94 92
93 92
92 92
91 92
91 91
90 91
89 91
88 91
87 91
87 92
87 93
87 92
87 91
88 91
88 90
88 89
88 88
87 88
87 87
87 86
86 86
86 87
85 87
84 87
83 87
82 87
81 87
80 87
80 86
79 86
78 86
77 86
76 86
75 86
74 86
73 86
73 85
73 84
73 85
72 85
71 85
71 86
71 87
70 87
69 87
68 87
67 87
67 86
67 85
66 85
65 85
64 85
63 85
62 85
61 85
60 85
59 85
58 85
57 85
56 85
56 86
56 87
56 88
56 89
56 90
56 91
56 92
56 93
56 94
56 95
56 96
56 97
55 97
54 97
53 97
52 97
52 96
52 95
51 95
50 95
49 95
48 95
48 94
47 94
46 94
46 93
45 93
44 93
44 92
43 92
42 92
41 92
41 91
40 91
39 91
38 91
37 91
37 92
37 93
37 92
37 91
38 91
38 90
38 89
38 88
37 88
37 87
37 86
36 86
36 87
35 87
34 87
33 87
32 87
31 87
30 87
30 86
29 86
28 86
27 86
26 86
25 86
24 86
23 86
23 85
23 84
23 85
22 85
21 85
21 86
21 87
20 87
19 87
18 87
17 87
17 86
17 85
16 85
15 85
14 85
13 85
12 85
11 85
10 85
9 85
8 85
7 85
6 85
6 86
6 87
6 88
6 89
6 90
6 91
6 92
6 93
6 94
6 95
6 96
6 97
6 98
6 99
5 99
4 99
3 99
2 99
3 99
4 99
5 99
6 99
6 98
6 97
7 97
8 97
9 97
10 97
11 97
12 97
13 97
13 96
14 96
15 96
16 96
17 96
18 96
19 96
18 96
17 96
16 96
15 96
14 96
13 96
13 97
12 97
11 97
10 97
9 97
8 97
7 97
6 97
6 96
6 95
6 94
6 93
6 92
6 91
6 90
6 89
6 88
6 87
6 86
6 85
6 84
6 83
6 82
6 81
6 80
6 79
6 78
6 77
6 76
5 76
4 76
3 76
2 76
3 76
4 76
5 76
6 76
7 76
8 76
8 75
8 74
9 74
9 73
9 72
9 71
10 71
10 70
10 69
10 68
10 67
11 67
11 66
11 65
11 64
11 63
12 63
13 63
13 64
13 63
13 62
14 62
15 62
15 61
15 60
15 59
15 58
15 57
15 56
16 56
17 56
18 56
19 56
20 56
21 56
22 56
23 56
24 56
25 56
26 56
25 56
24 56
23 56
23 55
23 54
23 53
23 52
23 53
23 54
23 55
23 56
24 56
25 56
26 56
25 56
25 55
25 54
25 53
25 54
25 55
25 56
26 56
27 56
28 56
29 56
29 55
29 54
29 53
29 52
29 53
29 54
29 55
29 56
28 56
27 56
26 56
26 57
26 58
26 59
26 60
26 61
26 62
26 63
25 63
24 63
23 63
23 64
23 65
23 66
23 67
24 67
25 67
24 67
23 67
23 66
23 65
23 64
23 63
24 63
25 63
26 63
26 62
26 61
26 60
26 59
26 58
26 57
26 56
27 56
28 56
29 56
30 56
31 56
32 56
33 56
34 56
35 56
36 56
36 57
36 58
36 59
36 60
36 61
36 62
36 63
36 64
36 65
36 66
36 67
36 66
36 65
37 65
38 65
39 65
40 65
40 66
40 67
40 66
40 65
39 65
38 65
37 65
36 65
36 66
36 67
36 68
36 69
36 70
36 71
36 72
36 73
36 74
36 75
36 76
37 76
38 76
38 75
39 75
40 75
41 75
41 76
42 76
43 76
44 76
45 76
44 76
43 76
42 76
42 75
42 74
42 73
42 72
42 71
42 72
42 73
42 74
42 75
42 76
43 76
44 76
45 76
46 76
46 75
46 74
47 74
48 74
49 74
49 75
49 76
50 76
51 76
52 76
51 76
50 76
50 77
50 78
50 79
50 80
49 80
50 80
50 79
50 78
50 77
50 76
51 76
52 76
51 76
50 76
49 76
49 75
49 74
48 74
47 74
46 74
46 75
46 76
45 76
46 76
46 75
46 74
46 73
46 72
46 71
46 70
46 69
46 68
46 67
46 66
47 66
48 66
49 66
50 66
50 67
50 68
50 69
50 70
51 70
50 70
50 69
50 68
50 67
50 66
49 66
48 66
47 66
46 66
47 66
47 65
47 64
47 63
47 62
47 61
47 60
47 59
47 58
47 57
47 56
47 55
47 54
47 53
47 52
47 51
47 52
47 53
47 54
47 55
47 56
47 57
47 58
47 59
47 60
47 61
47 62
47 63
47 64
47 65
47 66
46 66
46 67
46 68
46 69
46 70
46 71
46 72
46 73
46 74
46 75
46 76
45 76
44 76
43 76
42 76
41 76
41 75
40 75
39 75
38 75
38 76
37 76
36 76
36 75
36 74
36 73
36 72
36 71
36 70
36 69
36 68
36 67
36 66
36 65
36 64
36 63
36 62
36 61
36 60
36 59
36 58
36 57
36 56
35 56
34 56
33 56
32 56
31 56
30 56
29 56
28 56
27 56
26 56
25 56
24 56
23 56
22 56
21 56
20 56
19 56
18 56
17 56
16 56
15 56
15 55
15 54
14 54
13 54
13 53
13 52
13 51
13 50
13 49
13 48
13 47
13 46
13 47
12 47
11 47
10 47
9 47
8 47
7 47
6 47
6 46
6 45
6 44
6 43
6 42
6 41
6 40
6 39
6 38
6 37
6 36
6 35
6 34
6 33
6 32
6 31
6 30
6 29
6 28
6 27
6 26
5 26
4 26
3 26
2 26
3 26
4 26
5 26
6 26
7 26
8 26
8 25
8 24
9 24
9 23
9 22
9 21
10 21
10 20
10 19
10 18
10 17
11 17
11 16
11 15
11 14
11 13
12 13
13 13
13 14
13 13
13 12
14 12
15 12
15 11
15 10
15 9
15 8
15 7
15 6
16 6
17 6
18 6
19 6
20 6
21 6
22 6
23 6
24 6
25 6
26 6
27 6
28 6
29 6
29 5
29 4
29 3
29 2
29 3
29 4
29 5
29 6
28 6
27 6
26 6
25 6
24 6
23 6
23 5
23 4
23 3
23 2
23 3
23 4
23 5
23 6
24 6
25 6
26 6
25 6
25 5
25 4
25 3
25 4
25 5
25 6
26 6
26 7
26 8
26 9
26 10
26 11
26 12
26 13
25 13
24 13
23 13
23 14
23 15
23 16
23 17
24 17
25 17
24 17
23 17
23 16
23 15
23 14
23 13
24 13
25 13
26 13
26 12
26 11
26 10
26 9
26 8
26 7
26 6
27 6
28 6
29 6
30 6
31 6
32 6
33 6
34 6
35 6
36 6
36 7
36 8
36 9
36 10
36 11
36 12
36 13
36 14
36 15
36 16
36 17
36 16
36 15
37 15
38 15
39 15
40 15
40 16
40 17
40 16
40 15
39 15
38 15
37 15
36 15
36 16
36 17
36 18
36 19
36 20
36 21
36 22
36 23
36 24
36 25
36 26
37 26
38 26
38 25
39 25
40 25
41 25
41 26
42 26
43 26
44 26
45 26
44 26
43 26
42 26
42 25
42 24
42 23
42 22
42 21
42 22
42 23
42 24
42 25
42 26
43 26
44 26
45 26
46 26
46 25
46 24
47 24
48 24
49 24
49 25
49 26
50 26
51 26
52 26
51 26
50 26
50 27
50 28
50 29
50 30
49 30
50 30
50 29
50 28
50 27
50 26
51 26
52 26
53 26
54 26
55 26
56 26
57 26
58 26
58 25
58 24
59 24
59 23
59 22
59 21
60 21
60 20
60 19
60 18
60 17
61 17
61 16
61 15
61 14
61 13
62 13
63 13
63 14
63 13
62 13
61 13
60 13
60 12
60 11
59 11
58 11
58 10
58 11
59 11
60 11
60 12
60 13
61 13
62 13
63 13
63 14
64 14
65 14
66 14
66 15
66 16
66 17
66 18
66 19
66 18
66 17
66 16
66 15
66 14
65 14
64 14
63 14
63 13
63 12
64 12
65 12
65 11
65 10
65 9
65 8
65 7
65 6
65 7
64 7
63 7
62 7
61 7
60 7
60 8
59 8
60 8
60 7
61 7
62 7
63 7
64 7
65 7
65 6
66 6
67 6
68 6
69 6
70 6
71 6
72 6
73 6
74 6
75 6
76 6
77 6
78 6
79 6
79 5
79 4
79 3
79 2
79 3
79 4
79 5
79 6
78 6
77 6
76 6
75 6
74 6
73 6
73 5
73 4
73 3
73 2
73 3
73 4
73 5
73 6
74 6
75 6
76 6
75 6
75 5
75 4
75 3
75 4
75 5
75 6
76 6
76 7
76 8
76 9
76 10
76 11
76 12
76 13
75 13
74 13
73 13
73 14
73 15
73 16
73 17
74 17
75 17
74 17
73 17
73 16
73 15
73 14
73 13
74 13
75 13
76 13
76 12
76 11
76 10
76 9
76 8
76 7
76 6
77 6
78 6
79 6
80 6
81 6
82 6
83 6
84 6
85 6
86 6
86 7
86 8
86 9
86 10
86 11
86 12
86 13
86 14
86 15
86 16
86 17
86 16
86 15
87 15
88 15
89 15
90 15
90 16
90 17
90 16
90 15
89 15
88 15
87 15
86 15
86 16
86 17
86 18
86 19
86 20
86 21
86 22
86 23
86 24
86 25
86 26
87 26
88 26
88 25
89 25
90 25
91 25
91 26
92 26
93 26
94 26
95 26
96 26
96 27
96 28
96 29
96 30
97 30
98 30
99 30
98 30
97 30
96 30
96 29
96 28
96 27
96 26
95 26
94 26
93 26
92 26
92 25
92 24
92 23
92 22
92 21
92 22
92 23
92 24
92 25
92 26
93 26
94 26
95 26
96 26
96 25
96 24
96 23
96 22
96 21
96 20
96 19
96 18
96 17
96 16
97 16
97 15
97 14
97 13
97 12
97 11
97 10
97 9
97 8
97 7
97 6
97 5
97 4
97 3
97 2
97 1
97 2
97 3
97 4
97 5
97 6
97 7
97 8
97 9
97 10
97 11
97 12
97 13
97 14
97 15
97 16
96 16
96 17
96 18
96 19
96 20
96 21
96 22
96 23
96 24
96 25
96 26
95 26
94 26
93 26
92 26
91 26
91 25
90 25
89 25
88 25
88 26
87 26
86 26
86 25
86 24
86 23
86 22
86 21
86 20
86 19
86 18
86 17
86 16
86 15
86 14
86 13
86 12
86 11
86 10
86 9
86 8
86 7
86 6
85 6
84 6
83 6
82 6
81 6
80 6
79 6
78 6
77 6
76 6
75 6
74 6
73 6
72 6
71 6
70 6
69 6
68 6
67 6
66 6
65 6
65 5
65 4
64 4
63 4
62 4
61 4
60 4
60 3
60 2
60 1
59 1
58 1
57 1
56 1
57 1
58 1
59 1
60 1
61 1
62 1
63 1
62 1
61 1
60 1
59 1
58 1
57 1
56 1
57 1
58 1
59 1
60 1
60 2
60 3
60 4
61 4
62 4
63 4
64 4
65 4
65 5
65 6
65 7
65 8
65 9
65 10
65 11
65 12
64 12
63 12
63 13
63 14
63 13
62 13
61 13
61 14
61 15
61 16
61 17
60 17
60 18
60 19
60 20
60 21
59 21
59 22
59 23
59 24
58 24
58 25
58 26
57 26
56 26
55 26
54 26
53 26
52 26
51 26
50 26
49 26
49 25
49 24
48 24
47 24
46 24
46 25
46 26
45 26
46 26
46 25
46 24
46 23
46 22
46 21
46 20
46 19
46 18
46 17
46 16
47 16
48 16
49 16
50 16
50 17
50 18
50 19
50 20
51 20
50 20
50 19
50 18
50 17
50 16
49 16
48 16
47 16
46 16
47 16
47 15
47 14
47 13
47 12
47 11
47 10
47 9
47 8
47 7
47 6
47 5
47 4
47 3
47 2
47 1
47 2
47 3
47 4
47 5
47 6
47 7
47 8
47 9
47 10
47 11
47 12
47 13
47 14
47 15
47 16
46 16
46 17
46 18
46 19
46 20
46 21
46 22
46 23
46 24
46 25
46 26
45 26
44 26
43 26
42 26
41 26
41 25
40 25
39 25
38 25
38 26
37 26
36 26
36 25
36 24
36 23
36 22
36 21
36 20
36 19
36 18
36 17
36 16
36 15
36 14
36 13
36 12
36 11
36 10
36 9
36 8
36 7
36 6
35 6
34 6
33 6
32 6
31 6
30 6
29 6
28 6
27 6
26 6
25 6
24 6
23 6
22 6
21 6
20 6
19 6
18 6
17 6
16 6
15 6
15 5
15 4
14 4
13 4
12 4
11 4
10 4
10 3
10 2
10 1
9 1
8 1
7 1
6 1
7 1
8 1
9 1
10 1
11 1
12 1
13 1
12 1
11 1
10 1
9 1
8 1
7 1
6 1
6 2
6 3
6 4
6 5
6 6
6 7
6 8
6 9
6 10
5 10
6 10
6 9
6 8
6 7
6 6
6 5
6 4
6 3
6 2
6 1
6 2
6 3
6 4
6 5
6 6
6 7
6 8
6 9
6 10
5 10
4 10
5 10
6 10
6 9
6 8
6 7
6 6
6 5
6 4
6 3
6 2
6 1
6 2
6 3
6 4
6 5
6 6
6 7
6 8
6 9
6 10
5 10
4 10
3 10
2 10
1 10
1 11
1 12
1 13
1 14
1 15
1 16
2 16
2 17
2 18
2 19
2 20
1 20
